<?xml version="1.0"?>
<opencv_storage>
<cameraMatrix type_id="opencv-matrix">
  <rows>3</rows>
  <cols>3</cols>
  <dt>d</dt>
  <data>
    5.9696547146601506e+02 0. 5.3467168450891961e+02 0.
    5.9438478669955168e+02 3.9549896630161555e+02 0. 0. 1.</data></cameraMatrix>
<distCoeffs type_id="opencv-matrix">
  <rows>1</rows>
  <cols>5</cols>
  <dt>d</dt>
  <data>
    -3.6929412168846643e-01 1.4635301101349377e-01
    -1.2768867661858236e-03 8.1881119199984649e-04
    -2.7400821365335705e-02</data></distCoeffs>
</opencv_storage>
