<?xml version="1.0"?>
<opencv_storage>
<cameraMatrix type_id="opencv-matrix">
  <rows>3</rows>
  <cols>3</cols>
  <dt>d</dt>
  <data>
    2.0462239357788546e+03 0. 6.6871669184017014e+02 0.
    2.0033222893449599e+03 3.6581324325515220e+02 0. 0. 1.</data></cameraMatrix>
<distCoeffs type_id="opencv-matrix">
  <rows>1</rows>
  <cols>5</cols>
  <dt>d</dt>
  <data>
    -2.2605284712714471e+00 6.9878546034988416e+00
    3.0571512338853950e-02 -3.7873609729094050e-03
    -1.1014211017124893e+01</data></distCoeffs>
</opencv_storage>
